9 15 5 50 5 0.25
31 0.00735921 0
2 4378.77 0
30 0.304174 0
2 2016.14 0
52 0.984474 0
18 65.9567 1
0 0.564831 0 0 0 0.113131 0.322038 0 0 
15 2.44879 0
34 0 1
0 0.0154457 0 0 0 0.984554 0 0 0 
6 145.969 1
0 0.116129 0 0 0 0.883871 0 0 0 
1 4421.03 0
43 0.605418 1
0 0.136602 0 0.0534906 0 0 0 0.809907 0 
25 249.551 1
0.000283945 0.997949 0 0 0 0.00176725 0 0 0 
43 0.671295 0
46 0.80302 0
50 0 1
0 1 0 0 0 0 0 0 0 
3 1931.55 0
11 0.119017 1
0 0.941661 0 0 0 0 0 0.0583393 0 
11 0.00620318 1
0 0.00528318 0 0 0 0 0 0.994717 0 
34 0 1
0 0.926955 0 0 0 0 0 0.0730447 0 
3 1267.5 0
28 0.524158 0
41 0.722627 0
0 1951.84 0
42 0.208464 1
0.99964 0.000359563 0 0 0 0 0 0 0 
16 5.02726 1
0.832633 0.167367 0 0 0 0 0 0 0 
0 2044.99 0
23 62.5334 1
0.915633 0.0843667 0 0 0 0 0 0 0 
19 144.298 1
0 1 0 0 0 0 0 0 0 
15 1.96061 0
16 530.472 1
0.095227 0.802675 0.102098 0 0 0 0 0 0 
33 0.307483 1
0.484204 0.110868 0.404928 0 0 0 0 0 0 
0 81.5956 0
27 0.80672 1
0 0.273143 0 0 0 0 0 0.726857 0 
44 0.738913 0
1 4820.91 0
0 688.588 1
0 0.00133527 0 0 0 0 0 0.998665 0 
6 1.18778 1
0 1 0 0 0 0 0 0 0 
12 2.84812 1
0 0.410286 0 0 0 0 0 0.589714 0 
33 0.224218 0
49 0.323523 0
2 1719.72 0
21 455.348 0
1 4562.82 0
40 0.658066 1
0 0.932112 0 0.00895706 0 0.0217622 0.0371687 0 0 
29 0.847223 1
0 0.0539555 0 0 0 0.935803 0 0 0.0102417 
3 1318 1
0 0 0 0 0 0 0 0 1 
22 37.9109 0
25 236.435 0
10 65.4006 1
0.00948233 0.835054 0 0 0.0119571 0 0.0452303 0 0.0982758 
29 0.440647 1
0.0121414 0.194265 0 0 0.00552865 0.0701095 0 0 0.717956 
43 0.0131784 0
23 266.754 1
0 0.010683 0 0 0.989317 0 0 0 0 
12 2.10265 1
0 0.195039 0 0 0.804961 0 0 0 0 
21 315.425 0
3 1004.32 0
21 170.041 0
19 49.8588 1
0 0.85313 0 0.00512378 0 0 0.141746 0 0 
10 126.707 1
0 0.117656 0 0.191965 0 0 0.690379 0 0 
3 1188.2 0
15 2.78267 1
0 0.563987 0 0.0920192 0 0.0894282 0.254565 0 0 
21 158.054 1
0 0.163893 0 0.00269981 0 0 0.825294 0 0.00811413 
35 0 1
0 0 0 0 0 0 0 0 1 
1 1963.59 0
2 593.509 0
25 267.931 0
2 550.311 0
43 0.32754 1
0 0 0.00919178 0.989987 0 0.000820911 0 0 0 
13 0.782357 1
0 0 0.0618698 0.93813 0 0 0 0 0 
22 13.9121 0
18 99.7187 1
0 0 0.859814 0.140186 0 0 0 0 0 
45 1 1
0 0 0.194729 0.805272 0 0 0 0 0 
23 135.53 0
16 382.05 0
24 8.09962 1
0 0 0.706009 0.292305 0 0.00168591 0 0 0 
19 155.399 1
0 0 0.136224 0.863777 0 0 0 0 0 
25 269.379 0
20 2.21782 1
0 0 0.100266 0.899734 0 0 0 0 0 
18 58.062 1
0 0 0.835476 0.164524 0 0 0 0 0 
16 511.743 0
14 929.365 0
10 39.6442 0
2 728.702 1
0 0 0.157268 0 0 0.842732 0 0 0 
6 236.369 1
0 0 0.962074 0.023213 0 0.0147126 0 0 0 
51 0 1
0 0 0 0 0 1 0 0 0 
52 0 1
0 0 0 1 0 0 0 0 0 
18 21.7939 0
1 5946.04 0
2 3942.81 0
16 311.487 0
28 0.858544 1
0 0.998171 0 0.00182907 0 0 0 0 0 
46 0.723203 1
0 0.015523 0 0 0 0 0 0.984477 0 
3 1682.69 0
18 12.5305 1
0 0.915637 0 0 0 0 0 0.0843633 0 
1 4952.78 0
2 4326.09 0
18 11.5368 1
0 0.027658 0 0 0 0 0 0.972342 0 
2 5305.14 1
0 0.000183967 0 0 0 0 0 0.999816 0 
26 0 1
0 1 0 0 0 0 0 0 0 
28 0.283365 0
0 1936.49 0
53 0 1
0.999635 0.000365156 0 0 0 0 0 0 0 
10 94.0212 0
25 264.968 0
39 0 1
0.973784 0.0262159 0 0 0 0 0 0 0 
0 1953.91 1
0.531731 0.468269 0 0 0 0 0 0 0 
25 263.688 1
0 1 0 0 0 0 0 0 0 
18 11.6821 1
0.148716 0.851284 0 0 0 0 0 0 0 
49 0.920923 0
52 0.595445 0
48 0.873265 0
7 44.5048 0
0 2089.84 0
19 101.84 1
0.0296312 0.157638 0.00383294 0.000880588 0 0.0445012 0.00304511 0.000909075 0.759562 
42 0.842328 1
0 0.847864 0.011397 0 0.0268086 0.055982 0.0579482 0 0 
20 240.19 0
30 0.274326 1
0.000269325 0.000440479 0.945966 0.0482952 0 0.00502879 0 0 0 
3 1966.1 1
0 0 0 1 0 0 0 0 0 
20 101.851 0
22 31.839 0
7 7.23839 1
0 0.810393 0.0075728 0 0.0356264 0 0 0 0.146408 
33 0.321231 1
0 0.0113079 0.0173463 0 0.971346 0 0 0 0 
25 261.191 0
39 0.458527 1
0 0.154034 0 0 0 0 0 0 0.845966 
33 0.950825 1
0 0.0472963 0.952704 0 0 0 0 0 0 
7 48.7206 0
14 72.3701 0
23 217.693 0
2 1589.82 1
0 0.153392 0.0018031 0 0 0.757655 0 0 0.0871496 
42 0.511845 1
0 0.162633 0 0 0 0 0 0 0.837367 
16 50.9851 1
0 0 0 0 0 1 0 0 0 
14 906.75 0
18 97.9528 0
24 9.46089 1
0 0 0.98583 0.00953628 0 0.00463389 0 0 0 
0 729.899 1
0 0 0.682523 0 0 0.317477 0 0 0 
27 0 1
0 0 0 0 0 1 0 0 0 
21 174.026 0
9 5.53034 0
2 855.398 0
31 1 1
0 0.986013 0 0.00957297 0 0 0.00441384 0 0 
1 1036.3 0
10 17.6675 1
0 0.873731 0 0.0169375 0 0 0.109332 0 0 
19 91.6841 1
0 0.311083 0 0.0742768 0 0.0144371 0.287675 0 0.312528 
33 0.828251 0
26 0.623861 0
0 1420.15 1
0 0.136251 0 0 0 0 0.863749 0 0 
51 0 1
0 1 0 0 0 0 0 0 0 
16 209.562 1
0 0 1 0 0 0 0 0 0 
7 15.0395 0
6 60.708 0
8 6.115 0
35 0.950901 1
0 0.0242983 0 0.000503425 0 0 0.90106 0 0.0741378 
40 0 1
0 0 0 1 0 0 0 0 0 
6 196.89 1
0 0 0 0 0 0 0 0 1 
3 1348.45 0
25 236.483 0
36 0 1
0 0 0.0359671 0.964033 0 0 0 0 0 
0 2327.05 1
0 0.000229719 0.659747 0.340023 0 0 0 0 0 
2 1085.35 0
30 0.936042 1
0 0 0.188307 0.811168 0 0.000525549 0 0 0 
18 109.115 1
0 0 0.661655 0.338345 0 0 0 0 0 
18 42.5089 0
3 1196.36 0
28 0.314738 0
47 0.522506 0
40 0 1
0.0168329 0.825903 0 0.107802 0 0 0 0.0494621 0 
21 162.819 0
5 0.0864082 1
0.999594 0.000405709 0 0 0 0 0 0 0 
19 97.149 0
24 9.00054 1
0.990082 0.00991774 0 0 0 0 0 0 0 
9 3.78152 1
0.200085 0.799915 0 0 0 0 0 0 0 
6 187.272 0
17 1.13131 1
0.0461354 0.867721 0 0 0 0.0861431 0 0 0 
6 188.981 1
0.591868 0.27657 0 0 0 0.131562 0 0 0 
21 142.763 0
46 0.699039 0
10 22.8478 1
0 0.222168 0 0 0 0.777832 0 0 0 
4 0.0736889 0
0 188.766 0
1 5065.87 1
0 0.151919 0 0 0 0 0 0.848081 0 
9 0.304584 1
0 0.0023882 0 0 0 0 0 0.997612 0 
1 4621.2 0
8 0.242661 1
0 0.00414803 0 0 0 0 0 0.995852 0 
21 138.029 1
0 1 0 0 0 0 0 0 0 
1 4765.74 0
16 421.122 0
12 1.64459 0
0 501.243 1
0 0.0829142 0 0 0 0 0 0.917086 0 
24 9.94608 1
0 0.976588 0 0 0 0 0 0.0234116 0 
1 3744.34 1
0 0.0232574 0 0 0 0 0 0.976743 0 
30 0.408704 0
32 0 1
0 0 0 0 0 0 0 1 0 
20 8.09477 1
0 0.917572 0 0 0 0 0 0.0824281 0 
7 38.9779 0
1 4402.79 0
3 1683.52 0
21 138.345 0
9 1.52822 0
5 0.0854968 1
0 0.972828 0 0 0 0.0271721 0 0 0 
2 1744.53 1
0 0.955754 0 0 0 0 0.0442458 0 0 
7 13.2385 0
22 12.1346 1
0 0.153761 0 0.00605132 0 0.0044107 0.124857 0.000115687 0.710805 
5 0.0238663 1
0 0 0.545182 0.432686 0 0.0221317 0 0 0 
7 13.7357 0
24 291.56 0
9 12.975 1
0 0.110353 0.000955756 0.00175662 0 0 0.858915 0.000302241 0.0277169 
40 0 1
0 1 0 0 0 0 0 0 0 
15 1.99279 1
0 0 0.51343 0.48657 0 0 0 0 0 
1 7202.24 0
36 0.564741 0
17 1.56393 0
2 3988.81 1
0 0.117854 0 0 0.00204376 0.845402 0.00110442 0 0.0335955 
6 217.443 1
0 1 0 0 0 0 0 0 0 
24 7.83797 1
0 0 0 0 0 0 0 0 1 
22 18.2995 0
44 0.278726 0
13 0.402426 1
0.0322904 0.778776 0 0 0.0201011 0 0.0036208 0 0.165212 
0 1456.4 1
0.849755 0.150245 0 0 0 0 0 0 0 
2 2748.14 0
24 40.8769 1
0 0.0192039 0 0 0.97149 0 0 0 0.00930611 
42 0.576324 1
0.0501649 0.270062 0.116532 0 0 0 0 0 0.56324 
3 1406.82 0
45 0.682578 0
14 209.336 0
16 494.294 0
20 256.084 1
0.000202986 0.000331982 0.950615 0.0298994 0 0.0189506 0 0 0 
45 0 1
0 0 0 1 0 0 0 0 0 
16 225.919 1
0 0 0.427416 0 0 0.572584 0 0 0 
25 237.123 0
2 2914.78 0
7 63.5837 1
0 0 0.0344489 0.965551 0 0 0 0 0 
11 0.0695627 1
0 0 0.420442 0.579558 0 0 0 0 0 
23 381.846 0
16 371.101 1
0 0.000264562 0.703449 0.296287 0 0 0 0 0 
21 214.782 1
0 0 0.44577 0.55423 0 0 0 0 0 
16 309.221 0
30 0.721558 0
21 227.862 0
25 282.778 1
0 0 0.733422 0.266579 0 0 0 0 0 
48 0 1
0 0 0 1 0 0 0 0 0 
43 0.886963 0
2 1393.06 1
0 0 0.0642521 0.935748 0 0 0 0 0 
19 77.3952 1
0 0 0.634434 0.360415 0 0.00515099 0 0 0 
42 0 1
0 0 0.0283572 0.971643 0 0 0 0 0 
2 3954.43 0
33 0.607786 0
3 1427.9 0
48 0.612155 0
0 1118.79 0
14 167.523 0
0 305.407 1
0 0.0988725 0 0.00155489 0 0.158163 0.0215076 0.000237807 0.719664 
13 302.939 1
0 0 0 0 0 1 0 0 0 
1 4566.42 0
9 15.5852 1
0 0.792149 0 0.0230261 0 0.0255745 0.15925 0 0 
0 2285.2 1
0.000103794 0.0792749 0 0 0.00340294 0.915379 0.00183891 0 0 
36 0.633697 0
22 71.6441 0
43 0.766501 1
0 0.833016 0 0 0.102304 0 0 0 0.0646802 
25 268.033 1
0 0.00187888 0 0 0.998121 0 0 0 0 
10 59.935 1
0 0 0 0 0 0 0 0 1 
18 70.5952 0
3 1923.2 1
0 0.531672 0 0 0 0 0 0.468328 0 
2 2011.28 0
21 145.765 0
25 246.016 1
0 0.715209 0 0.00445611 0 0.218697 0.0616377 0 0 
1 3165.3 1
0 0.0967929 0 0.000853663 0 0.0161777 0.886176 0 0 
35 0.142797 0
19 124.991 1
0 0.0911738 0 0.0306016 0 0.0198266 0 0 0.858398 
17 1.0624 1
0 0 0 0 0 0 1 0 0 
45 0.708272 0
16 536.869 0
14 724.739 0
6 216.318 0
13 146.153 1
0 0 0.960199 0.0256898 0 0.0141115 0 0 0 
47 0 1
0 0 0.157268 0 0 0.842732 0 0 0 
42 0.81144 1
0 0 0 0 0 1 0 0 0 
29 0 1
0 0 0 1 0 0 0 0 0 
2 669.475 0
17 1.72331 0
13 0.861314 0
43 0.298108 1
0 0 0.029651 0.970349 0 0 0 0 0 
24 10.6866 1
0 0 0.143537 0.824414 0 0.0320481 0 0 0 
22 12.3235 0
14 0.282283 1
0 0 1 0 0 0 0 0 0 
6 1.0068 1
0 0 0.202984 0.797016 0 0 0 0 0 
16 222.516 0
0 1172.61 0
7 73.4894 1
0 0 0.461448 0.538552 0 0 0 0 0 
1 855.761 1
0 0 0.772476 0.227524 0 0 0 0 0 
12 0.926664 0
32 0 1
0 0 0.0765612 0.923439 0 0 0 0 0 
16 402.832 1
0 0 0.301882 0.693548 0 0.00456964 0 0 0 
47 0.697636 0
18 21.311 0
3 1662.26 0
39 0 1
0 0.915637 0 0 0 0 0 0.0843633 0 
0 83.3248 0
23 92.2084 1
0 0.291795 0 0 0 0 0 0.708205 0 
0 269.239 0
18 11.6436 1
0 0.0217232 0 0 0 0 0 0.978277 0 
34 0 1
0 0.000539142 0 0 0 0 0 0.999461 0 
33 0.855281 0
44 0.392816 0
22 15.4483 1
0 0.967899 0 0 0 0.0187928 0 0.0133085 0 
7 7.81879 0
53 0 1
0 0.417312 0 0 0 0 0 0 0.582688 
1 4069.43 1
0 0.00951691 0 0 0 0.00157465 0 0.000371709 0.988537 
31 1 1
0 0 1 0 0 0 0 0 0 
28 0.204549 0
0 620.926 0
51 0 1
0 1 0 0 0 0 0 0 0 
0 1946.05 0
41 0.468776 0
38 0 1
1 0 0 0 0 0 0 0 0 
42 0.0880686 1
0.933612 0.0663876 0 0 0 0 0 0 0 
9 0.34727 0
8 0.256288 1
0.928379 0.0716205 0 0 0 0 0 0 0 
42 0.858791 1
0.0412586 0.775997 0 0 0 0 0.182744 0 0 
21 166.252 0
43 0.8266 0
6 197.724 0
20 228.142 1
0.00758499 0.992415 0 0 0 0 0 0 0 
16 564.24 1
0.859439 0.140561 0 0 0 0 0 0 0 
12 2.26528 1
0.899676 0.100324 0 0 0 0 0 0 0 
33 0.128481 1
0.010008 0.255341 0.195287 0 0 0 0 0 0.539364 
18 13.4536 0
47 0.399166 0
25 249.926 0
1 4990.76 0
3 1596.32 0
5 0.103201 1
0 0.964397 0 0 0 0 0 0.0356032 0 
2 1565.38 0
40 0 1
0 1 0 0 0 0 0 0 0 
0 299.229 1
0 0.00608646 0 0 0 0 0 0.993914 0 
44 0.758842 1
0 1 0 0 0 0 0 0 0 
2 4198.01 0
27 0.411839 0
3 1741.08 1
0.024291 0.119183 0 0 0 0 0 0.856526 0 
26 0 1
0 0.998153 0 0.00184719 0 0 0 0 0 
36 0 1
0 0.000414737 0 0 0 0 0 0.999585 0 
28 0.527471 0
26 0.800742 0
9 22.4511 0
7 7.25969 0
16 8.55 1
0.379436 0.620564 0 0 0 0 0 0 0 
41 0.90592 1
0.99713 0.00287012 0 0 0 0 0 0 0 
47 1 1
0 1 0 0 0 0 0 0 0 
17 1.10424 0
22 0 1
0.949886 0.0501139 0 0 0 0 0 0 0 
13 0.535476 1
0.631272 0.368728 0 0 0 0 0 0 0 
16 540.466 1
0.196513 0.803487 0 0 0 0 0 0 0 
33 0.925159 0
49 0.351868 0
48 0.531098 0
0 1335.9 0
29 0.439097 0
0 351.699 1
0.00169783 0.136754 0 0.000776666 0 0.114729 0.00161145 0.000979967 0.743451 
42 0.249004 1
0 0.0642046 0 0 0 0.935795 0 0 0 
1 4446.25 0
3 1780.09 1
0 0.905974 0 0 0 0.0388009 0.0552251 0 0 
2 3956.7 1
0.0365636 0.106408 0 0 0.00293816 0.851709 0.00238162 0 0 
25 268.572 0
34 0.612677 0
7 7.71719 1
0 0.79035 0 0 0.0792986 0 0 0 0.130352 
17 1.60003 1
0 0.00141315 0 0 0.998587 0 0 0 0 
9 155.848 1
0 0.222878 0 0 0.29394 0 0 0 0.483182 
21 149.942 0
2 1043.53 0
47 0 1
0 0.99572 0 0.00428001 0 0 0 0 0 
3 1627.59 0
23 132.023 1
0 0.966835 0 0.00988494 0 0.00960662 0.013673 0 0 
25 236.134 1
0 0.0888384 0 0.0289894 0 0 0.882172 0 0 
2 1939.46 0
19 159.034 0
25 275.581 1
0 0.101149 0 0.000404994 0 0 0.864365 0 0.0340812 
20 2.39738 1
0 0.641272 0 0.358728 0 0 0 0 0 
3 1413.03 0
50 0 1
0 0.0333724 0 0 0 0 0.0502107 0 0.916417 
6 1.08022 1
0 0.017906 0 0.0701163 0 0 0.420273 0 0.491704 
2 653.979 0
18 62.979 0
30 0.288479 1
0 0 0.685174 0.314826 0 0 0 0 0 
30 0.630999 0
27 0.877979 0
43 0.376903 1
0 0 0.09924 0.888098 0 0.0126615 0 0 0 
13 0.608935 1
0 0 1 0 0 0 0 0 0 
19 70.616 1
0 0 0.00730771 0.989429 0 0.00326323 0 0 0 
1 2564.62 0
16 236.403 0
0 2309.87 0
17 5.21519 1
0 0 0.750867 0.249133 0 0 0 0 0 
4 0.161434 1
0 0 0.243812 0.756188 0 0 0 0 0 
16 414.75 0
3 1891.87 1
0 0 0.306882 0.687408 0 0.00570988 0 0 0 
3 1370.41 1
0 0 0.100985 0.899015 0 0 0 0 0 
14 1260.91 0
15 1.85277 0
20 251.158 1
0 0 0.876413 0 0 0.123587 0 0 0 
12 2.028 1
0 0 0.976529 0.00564401 0 0.0178266 0 0 0 
20 2.33756 1
0 0 0 0 0 1 0 0 0 
31 0.858224 0
1 7201.4 0
2 3963.76 0
6 6.80392 0
46 0.617198 0
19 80.7583 0
36 0 1
0 0.90884 0 0 0 0 0.0911601 0 0 
3 1388.34 1
0.0324656 0.477875 0 0 0 0.202064 0.287596 0 0 
40 0.119032 1
0 0 0 0 0 0 0 1 0 
52 0.965333 0
35 0 1
0 0.995572 0 0.00182175 0 0.00177046 0 0.000835861 0 
25 261.214 1
0 0.0223395 0 0 0 0.97766 0 0 0 
3 1597.62 0
22 7.81658 1
0 0.914431 0 0 0 0 0 0.0855687 0 
0 73.1002 0
1 4797 1
0 0.294945 0 0 0 0 0 0.705055 0 
2 4133.48 0
45 0 1
0 1 0 0 0 0 0 0 0 
46 0.683277 1
0 0.00105954 0 0 0 0 0 0.99894 0 
28 0.736347 0
41 0.408081 0
8 0.235709 0
7 7.38417 0
17 1.13636 1
0.880056 0.119944 0 0 0 0 0 0 0 
13 0.93103 1
0.997996 0.00200399 0 0 0 0 0 0 0 
0 1736.59 0
24 7.118 1
1 0 0 0 0 0 0 0 0 
24 9.21543 1
0.946264 0.0537363 0 0 0 0 0 0 0 
9 5.15585 0
23 317.111 1
0.901687 0.0983133 0 0 0 0 0 0 0 
13 0.526746 1
0.402122 0.597878 0 0 0 0 0 0 0 
19 69.3313 0
16 255.311 1
0.385668 0 0.614332 0 0 0 0 0 0 
20 167.092 0
0 1425.16 1
0 1 0 0 0 0 0 0 0 
22 6.79588 1
0.533005 0.466995 0 0 0 0 0 0 0 
33 0.951161 0
49 0.67596 0
1 6115.57 0
52 0.311772 0
19 123.689 0
0 2208.79 1
0 0.154704 0 0.000968504 0.00247906 0.0296489 0.00736809 0 0.804832 
1 3435.03 1
0 0.663074 0 0 0 0.336926 0 0 0 
21 711.566 0
7 7.27227 1
0 0.0908239 0 0 0 0.89962 0 0 0.00955586 
33 0 1
0 0 0 0 0 0 0 0 1 
9 275.938 0
23 161.868 0
2 4259.85 1
0.0119194 0.114538 0 0 0.87168 0.00076876 0.00109417 0 0 
15 3.165 1
0 1 0 0 0 0 0 0 0 
38 0 1
0 0 0 0 0 0 0 0 1 
9 345.106 0
21 151.18 0
3 1734.13 0
43 0.936137 1
0 0.977268 0 0.00792306 0 0.00384999 0.0109593 0 0 
2 1010.9 1
0 0.727476 0 0.0083051 0 0 0.264219 0 0 
26 0.455678 0
25 269.839 1
0 0.0924665 0 0.0043577 0 0 0.85317 0 0.050006 
43 0.720401 1
0 1 0 0 0 0 0 0 0 
6 1.01 1
0 0 0 0 0 0 0 0 1 
2 871.214 0
30 0.655142 0
24 9.26111 0
21 230.335 0
1 4281.68 1
0 0 0.728726 0.254768 0 0.0165063 0 0 0 
8 0.20851 1
0 0 0.0206924 0.979308 0 0 0 0 0 
49 0.376023 1
0 0 0.0735052 0.911907 0 0.0145882 0 0 0 
16 54.5763 0
29 0.974708 0
43 0.909031 1
0 0 0.143434 0.849449 0 0.00711665 0 0 0 
51 0 1
0 0 0 0 0 1 0 0 0 
43 0.2808 1
0 0 0.00897734 0.991023 0 0 0 0 0 
1 1240.06 0
25 237.189 0
43 0.49691 0
13 0.705166 1
0 0 0 1 0 0 0 0 0 
16 208.032 1
0 0 0.269472 0.730528 0 0 0 0 0 
22 0.453054 0
25 261.142 1
0 0 0.915837 0.0841626 0 0 0 0 0 
0 2318.21 1
0 0 0.600214 0.399787 0 0 0 0 0 
14 1137.13 0
1 3782.02 0
16 490.87 1
0 0 0.90839 0.0885374 0 0.00307302 0 0 0 
20 267.19 1
0 0 0.963731 0.00372117 0 0.0325476 0 0 0 
10 59.9798 1
0 0 0 0 0 1 0 0 0 
31 0.903482 0
3 1094.63 0
28 0.674681 0
2 3314.71 0
51 0 1
0 1 0 0 0 0 0 0 0 
19 99.9694 0
0 1875.49 0
32 0.876442 1
0.999198 0.000802073 0 0 0 0 0 0 0 
25 261.654 1
0.984504 0.0154958 0 0 0 0 0 0 0 
0 1962.34 1
0.933021 0.0669788 0 0 0 0 0 0 0 
19 73.5167 0
4 0.21351 1
0.365886 0.0512917 0.582822 0 0 0 0 0 0 
6 52.3292 0
48 0.14821 1
0 1 0 0 0 0 0 0 0 
19 79.3276 1
0.516912 0.483088 0 0 0 0 0 0 0 
2 4532.1 0
1 4422.92 0
1 3511.51 0
10 59.1479 0
38 0 1
0 0.908848 0 0.074143 0 0 0 0.0170092 0 
45 0.776296 1
0 0.671683 0 0 0 0 0.303176 0.0251413 0 
1 4125.37 0
28 0.269242 1
0 0.965313 0 0 0 0 0 0.0346867 0 
6 172.23 1
0 0.00244525 0 0 0 0 0 0.997555 0 
12 3.04208 0
50 0 1
0 0.998215 0 0 0 0.00178517 0 0 0 
17 1.57 0
30 0.160537 1
0 0.0632938 0 0 0 0.936706 0 0 0 
5 0.0494067 1
0 0 0 0 0 0 0 1 0 
3 1512.2 0
32 0 1
0 0.881252 0 0 0 0 0 0.118748 0 
30 0.491172 0
13 0.53162 1
0 0 0 0 0 0 0 1 0 
1 4830.12 0
14 0.456572 1
0 0.00117227 0 0 0 0 0 0.998828 0 
39 0 1
0 1 0 0 0 0 0 0 0 
7 20.9135 0
1 2273.39 0
9 10.1612 0
2 964.52 0
10 31.5067 0
6 1.23435 1
0 0.751555 0 0.0482449 0 0 0.2002 0 0 
53 0 1
0 0.970202 0 0.00278942 0 0 0.0270086 0 0 
3 1425.18 0
10 24.9983 1
0 0.561944 0 0.00962307 0 0.0155869 0.0754279 0 0.337418 
9 1.11315 1
0 0.123538 0 0.0483751 0 0 0.391921 0 0.436166 
26 0.873332 0
10 138.113 0
9 12.5283 1
0 0.0247752 0.00085481 0.000392772 0 0 0.82524 0 0.148737 
17 3.36568 1
0 0 0 1 0 0 0 0 0 
22 0 1
0 1 0 0 0 0 0 0 0 
1 5850.49 0
0 1154.38 0
0 440.572 0
46 0.482631 1
0 1 0 0 0 0 0 0 0 
14 46.88 1
0 0.0853296 0 0 0 0.261396 0 0 0.653274 
1 4367.41 0
31 1 1
0 0.929175 0 0 0 0.0254848 0.0453405 0 0 
2 3180.12 1
0 0.114064 0 0 0.00305285 0.882058 0.000824862 0 0 
22 21.6837 0
0 1524.34 0
11 0.0406323 1
0.0116043 0.59946 0 0 0.00655958 0.00498101 0 0 0.377395 
18 87.0594 1
0.224546 0.680742 0 0 0.0448894 0.0255651 0.0242577 0 0 
47 0.549878 0
25 337.313 1
0 0.0194171 0 0 0.970853 0.000429609 0 0 0.00930001 
38 0 1
0 1 0 0 0 0 0 0 0 
25 246.459 0
2 1223.56 0
9 11.3039 0
20 151.926 1
0 0 0.00679734 0.993203 0 0 0 0 0 
2 734.331 0
45 1 1
0 0 0.0127888 0.987211 0 0 0 0 0 
43 0.106583 1
0 0 0.26021 0.73979 0 0 0 0 0 
18 95.6677 0
43 0.452206 0
12 2.15287 1
0 0 0 1 0 0 0 0 0 
21 197.906 1
0 0 0.222614 0.777386 0 0 0 0 0 
11 0.0745324 0
20 2.44303 1
0 0 0.954193 0.0458068 0 0 0 0 0 
24 10.57 1
0 0 0.867181 0.132819 0 0 0 0 0 
1 1737.57 0
1 1044.29 0
16 258.8 0
18 62.698 1
0 0 0.74342 0.255778 0 0.00080186 0 0 0 
30 0.365939 1
0 0 0.173052 0.826948 0 0 0 0 0 
3 1758.17 0
16 236.301 1
0 0.000909334 0.333228 0.665862 0 0 0 0 0 
26 0 1
0 0 0.0143962 0.985604 0 0 0 0 0 
14 1233.25 0
18 92.3762 0
8 0.236022 1
0 0.000393945 0.990394 0.00771305 0 0.00149917 0 0 0 
6 204.479 1
0 0 0.864359 0.053518 0 0.0821228 0 0 0 
30 0 1
0 0 0 0 0 1 0 0 0 
18 14.7515 0
1 5686.08 0
21 141.948 0
1 3427.4 0
22 0.0128393 1
0 1 0 0 0 0 0 0 0 
1 4667.47 0
0 186.264 0
1 4254.64 1
0 0.0423585 0 0 0 0 0 0.957641 0 
3 1336.79 1
0 0.00169896 0 0 0 0 0 0.998301 0 
14 0.328645 1
0 1 0 0 0 0 0 0 0 
7 7.53976 0
2 3992.08 0
1 4367.49 1
0 0.516159 0 0 0 0 0 0.483841 0 
30 0.908869 0
21 177.361 1
0 0 0 0 0 0 0 1 0 
14 0.274951 1
0 0.154683 0 0 0 0 0 0.845317 0 
0 507.002 0
2 3979.12 0
6 188.203 1
0 1 0 0 0 0 0 0 0 
3 1768.92 1
0 0.11647 0 0 0 0 0 0.88353 0 
10 77.6159 0
1 4696.77 1
0 0.24951 0 0.00208322 0 0 0 0.748407 0 
43 0 1
0 1 0 0 0 0 0 0 0 
24 9.47772 0
7 7.2547 0
52 0 1
0.011405 0.988595 0 0 0 0 0 0 0 
0 1908.57 0
13 0.216458 1
0.999357 0.000643141 0 0 0 0 0 0 0 
21 161.806 0
28 0 1
0.997646 0.00235446 0 0 0 0 0 0 0 
23 10.4199 1
0.66932 0.33068 0 0 0 0 0 0 0 
16 238.564 0
26 0.812555 1
0.991376 0.00862439 0 0 0 0 0 0 0 
19 79.8085 1
0.262902 0.737098 0 0 0 0 0 0 0 
33 0.0804083 0
52 0.595846 0
1 6729.15 0
3 1466.9 0
29 0.396559 0
28 0.812235 1
0 0.17372 0 0.00386515 0.00219856 0.0254595 0.0445529 0.000295569 0.749909 
1 4044.9 1
0 0.156923 0 0 0 0.843077 0 0 0 
21 153.041 0
11 0.00130356 1
0 0.837215 0 0.00454706 0 0.00662855 0.103778 0 0.0478308 
2 2629.75 1
0 0.0997028 0 0.00205269 0 0.000797957 0.844966 0.000659274 0.0518216 
20 7.58965 0
34 0.533315 0
31 0.203374 1
0.126199 0.679167 0 0 0.0662411 0 0.00275353 0 0.12564 
16 672.042 1
7.18126e-05 0.00164428 0 0 0.998284 0 0 0 0 
23 14.6033 0
0 817.284 1
0.0585782 0.0958041 0 0 0 0 0 0 0.845618 
3 1000 1
0 1 0 0 0 0 0 0 0 
20 29.4931 0
0 394.643 0
53 0.936425 1
0 1 0 0 0 0 0 0 0 
14 193.74 0
0 2210.93 1
0 0.132301 0 0 0 0.779944 0 0 0.087755 
14 975.589 1
0 0 0 0 0 1 0 0 0 
14 7.57391 0
24 9.36531 0
9 0.649025 1
0 0.206993 0 0 0 0.0179028 0 0 0.775104 
15 2.26092 1
0 0.0200258 0 0 0 0.320077 0 0 0.659897 
20 223.159 0
52 1 1
0 1 0 0 0 0 0 0 0 
0 926.828 1
0 0.0692937 0 0 0 0.930706 0 0 0 
25 245.393 0
22 22.0316 0
43 0.51636 0
46 0 1
0 0 0 1 0 0 0 0 0 
7 57.5304 0
3 1719.32 1
0 0 0.620099 0.379901 0 0 0 0 0 
2 2418.01 1
0 0 0.0715286 0.928471 0 0 0 0 0 
25 236.438 0
15 2.00999 0
9 14.8275 1
0 0 0.156532 0.843468 0 0 0 0 0 
37 0.767841 1
0 0 0.641871 0.358129 0 0 0 0 0 
5 0.027702 0
18 110.138 1
0 0 0.920023 0.079977 0 0 0 0 0 
8 0.1975 1
0 0 0.788624 0.211377 0 0 0 0 0 
1 2416.68 0
3 1855.04 0
16 236.48 0
0 2325.9 1
0 0 0.704631 0.294742 0 0.00062679 0 0 0 
35 0.996612 1
0 0 0.20499 0.790753 0 0.00425756 0 0 0 
17 3.07805 0
47 0 1
0 0 0.0438108 0.956189 0 0 0 0 0 
13 0.629263 1
0 0 0.266177 0.733823 0 0 0 0 0 
18 125.336 0
19 30.9372 0
28 1 1
0 0 0 0 0 1 0 0 0 
24 8.44392 1
0 0 0.984215 0.006178 0 0.00960648 0 0 0 
27 0 1
0 0 0.1379 0 0 0.8621 0 0 0 
18 20.8435 0
47 0.49261 0
30 0.643815 0
7 7.50486 0
2 4409.75 0
16 404.369 1
0 0.168328 0 0 0 0 0 0.831672 0 
37 0 1
0 0 0 0 0 0 0 1 0 
0 501.58 0
22 5.30661 0
2 3896.55 1
0 0.981328 0 0 0 0 0 0.0186717 0 
17 0.363761 1
0 0 0 0 0 0 0 1 0 
2 4051.77 0
18 11.6649 1
0.000740671 0.994516 0 0.00474344 0 0 0 0 0 
43 0.899035 1
0 0.00254906 0 0 0 0 0 0.997451 0 
1 4852.91 0
2 3056.54 0
24 54.8633 1
0 1 0 0 0 0 0 0 0 
44 0.274755 0
21 145.629 1
0 0.00829278 0 0 0 0 0 0.991707 0 
24 10.7102 1
0 0.816605 0 0 0 0 0 0.183395 0 
4 0.188734 1
0 1 0 0 0 0 0 0 0 
0 2068.37 0
12 2.99089 0
8 0.255355 0
17 1.32874 0
43 0.190568 1
0.998658 0.00134169 0 0 0 0 0 0 0 
18 10.7285 1
0.936202 0.0637979 0 0 0 0 0 0 0 
24 9.25619 0
1 7220 1
0.98877 0.0112301 0 0 0 0 0 0 0 
24 9.31817 1
0.859439 0.140561 0 0 0 0 0 0 0 
1 7220 1
0.0347182 0.965282 0 0 0 0 0 0 0 
13 0.389724 1
0 1 0 0 0 0 0 0 0 
33 0.976742 0
45 0.366347 0
1 6590.73 0
25 293.527 0
29 0.19467 0
0 592.737 1
0 0.192504 0 0.000791834 0.00202684 0.0915752 0.00438112 0.000726622 0.707994 
1 4366.52 1
0 0.0857519 0 0 0 0.914248 0 0 0 
2 1159.61 0
14 135.166 1
0 0.012121 0 0 0 0.987879 0 0 0 
3 1275.62 1
0 0.176549 0 0 0 0.731398 0 0 0.0920526 
22 22.7824 0
31 0.83739 0
17 1.1005 1
0.979333 0.020667 0 0 0 0 0 0 0 
44 0.453682 1
0.0660115 0.681104 0 0 0.0169966 0 0.00306158 0 0.232826 
18 135.004 0
31 0.432933 1
0.00599303 0.0251235 0 0 0.968884 0 0 0 0 
42 1 1
0 0 0 0 0 0 0 0 1 
36 0.328554 0
3 1187.11 0
0 2023.37 0
22 11.4675 1
0 0.506584 0 0.0100694 0 0.00978593 0.473561 0 0 
21 177.604 1
0 0.945647 0 0.0441705 0 0 0.0101829 0 0 
9 9.28621 0
2 635.201 1
0 0.773588 0 0.013914 0 0.00193175 0.126475 0.000456004 0.0836355 
26 0.7039 1
0 0.0200862 0 0 0 0 0.970123 0 0.00979123 
14 0.292841 1
0 0 0 0 0 0 0 0 1 
49 0.527614 0
6 200.995 0
18 163.968 0
20 249.877 0
11 0.0631117 1
0 0 0.964799 0.0302944 0 0.00490689 0 0 0 
46 0 1
0 0 0.09002 0.90998 0 0 0 0 0 
5 0.0234848 1
0 0 0.309336 0 0 0.690664 0 0 0 
1 4633.72 1
0 0 0.136319 0.407136 0 0.456545 0 0 0 
2 368.223 0
25 266.719 0
12 59.0492 1
0 0 0.00486158 0.994053 0 0.00108546 0 0 0 
1 1218.88 0
22 16.1861 1
0 0 0.697849 0.302151 0 0 0 0 0 
47 0 1
0 0 0 1 0 0 0 0 0 
16 236.833 0
12 1.77051 0
33 1 1
0 0 0.0581503 0.94185 0 0 0 0 0 
12 2.95632 1
0 0 0.652503 0.347497 0 0 0 0 0 
2 1918.59 0
17 1.79466 1
0 0 0.137277 0.862723 0 0 0 0 0 
19 41.7331 1
0 0 0.514628 0.485372 0 0 0 0 0 
18 45.0918 0
1 6265.05 0
2 4065.26 0
28 0.883282 0
8 0.294736 1
0 0.997361 0 0.00180897 0 0 0 0.000829994 0 
46 0.653388 0
16 568.543 1
0 0.318409 0 0 0 0.681591 0 0 0 
1 3952.6 1
0 0.00105008 0 0 0 0 0 0.99895 0 
0 165.389 0
30 0.365235 0
26 0 1
0 0.011998 0 0 0 0 0 0.988002 0 
1 4676.47 0
2 4762.41 1
0 0.111523 0 0 0 0 0 0.888477 0 
32 0 1
0 0.985718 0 0 0 0 0 0.0142822 0 
3 1440.34 0
22 0.15855 1
0 0.917572 0 0 0 0 0 0.0824281 0 
36 0 1
0 0.00145119 0 0 0 0 0 0.998549 0 
12 3.10374 0
0 2054.88 0
0 1942.35 0
27 0.745704 0
19 234.086 1
0.999641 0.000359273 0 0 0 0 0 0 0 
8 0.22174 1
0.944813 0.0551869 0 0 0 0 0 0 0 
26 0.394438 0
24 9.45252 1
0.960875 0.0391246 0 0 0 0 0 0 0 
6 1.0835 1
0.594723 0.405277 0 0 0 0 0 0 0 
49 0 1
0 1 0 0 0 0 0 0 0 
52 0 1
0 1 0 0 0 0 0 0 0 
7 13.5336 0
49 0.749047 0
52 0.231996 0
48 0.476293 0
10 74.9831 0
7 7.59708 1
0.0151905 0.165197 0 0.000909192 0.00116362 0.028275 0.00503045 0 0.784235 
42 0.191983 1
0 0.715759 0 0 0.0127428 0.237068 0.0344303 0 0 
6 108.81 0
18 67.7238 1
0 0.103192 0 0 0.880007 0 0 0 0.0168008 
24 9.41182 1
0 0.309932 0 0 0 0 0 0 0.690068 
21 357.343 0
23 468.084 0
0 552.68 1
0 0.0863907 0 0 0 0.904208 0 0 0.00940161 
43 0.606113 1
0 1 0 0 0 0 0 0 0 
32 0 1
0 0 0 0 0 0 0 0 1 
2 2405.59 0
21 136.556 0
9 1.28557 0
5 0.114572 1
0 0.99494 0 0.00505977 0 0 0 0 0 
3 1751.47 1
0 0.664217 0 0 0 0 0.335783 0 0 
25 276.349 0
21 137.994 1
0 0.126305 0.000805093 0.00221956 0 0.000359511 0.800268 0 0.0700431 
31 1 1
0 0.766209 0 0.233791 0 0 0 0 0 
21 282.849 1
0 0.0736729 0 0.0180305 0 0 0.149641 0 0.758656 
1 1922.63 0
2 894.579 0
18 64.2231 0
30 0.840793 1
0 0 0.658147 0.341853 0 0 0 0 0 
26 0.800093 0
2 675.426 1
0 0 0.0572383 0.942762 0 0 0 0 0 
1 882.894 1
0 0 0.505211 0.479749 0 0.01504 0 0 0 
16 299.021 0
23 243.731 0
1 664.649 1
0 0 0.801137 0.198863 0 0 0 0 0 
18 67.8404 1
0 0 0.359766 0.640234 0 0 0 0 0 
5 0.0537653 0
11 0.0327131 1
0 0.00136314 0.139403 0.854046 0 0.0051875 0 0 0 
24 8.57521 1
0 0 0.13883 0.86117 0 0 0 0 0 
25 250.459 0
22 25.7334 1
0 0 0.491681 0.508319 0 0 0 0 0 
10 37.5538 0
12 1.92338 1
0 0 0 0 0 1 0 0 0 
18 153.738 0
24 686.542 1
0.000162003 0.000264955 0.968681 0.0228252 0 0.00806637 0 0 0 
2 1458.89 1
0 0 0.324266 0 0 0.675734 0 0 0 
31 0.819397 0
3 1157.73 0
28 0.688723 0
47 0.730999 0
8 0.201603 1
0.0260078 0.935781 0 0 0 0 0 0.0382108 0 
24 9.04628 0
41 0.68996 0
52 0 1
1 0 0 0 0 0 0 0 0 
15 1.95791 1
0.897582 0.102418 0 0 0 0 0 0 0 
21 160.528 0
34 0 1
1 0 0 0 0 0 0 0 0 
23 10.1293 1
0.768335 0.231665 0 0 0 0 0 0 0 
22 23.8688 0
2 2067.44 0
25 268.409 1
0 0.136192 0 0 0 0.863808 0 0 0 
6 189.003 1
0.13683 0.86317 0 0 0 0 0 0 0 
33 0.295372 1
0.365886 0.0512917 0.582822 0 0 0 0 0 0 
2 4074.62 0
30 0.708931 0
52 0.391798 0
47 0 1
0 0.993136 0 0.00182241 0 0 0.00504157 0 0 
12 2.51549 1
0 0.0233312 0 0 0 0.976669 0 0 0 
3 1734.54 0
41 0 1
0 0.973499 0 0 0 0 0 0.0265007 0 
16 357.713 1
0 0.00522845 0 0 0 0 0 0.994772 0 
1 4852.15 0
3 1592.93 0
14 0.249326 0
4 0.143132 1
0 0.886264 0 0 0 0 0 0.113736 0 
38 0 1
0 0.886264 0 0 0 0 0 0.113736 0 
0 201.395 0
2 4334.38 1
0 0.0383506 0 0 0 0 0 0.961649 0 
52 0 1
0 0.000162205 0 0 0 0 0 0.999838 0 
34 0 1
0 1 0 0 0 0 0 0 0 
33 0.736365 0
49 0.351762 0
2 1871.81 0
21 700.743 0
1 4234.17 0
23 70.6174 1
0 0.787592 0 0.00736938 0 0.0143238 0.0356771 0 0.155038 
7 7.38554 1
0 0.0690219 0 0 0 0.921141 0 0 0.00983754 
42 0.5609 1
0 0 0 0 0 0 0 0 1 
1 7392.02 0
25 235.671 0
21 176.258 1
0.0183277 0.912091 0 0 0 0 0.0695811 0 0 
17 1.81306 1
0.0143569 0.143911 0 0 0.00253065 0.0571688 0.0020513 0 0.779981 
21 440.672 0
27 0.437755 1
0 0.108561 0 0 0.891439 0 0 0 0 
7 7.88603 1
0 0 0 0 0 0 0 0 1 
3 1053.7 0
22 24.817 0
18 76.1568 0
46 0 1
0 0.797874 0 0 0 0 0.0801783 0 0.121947 
7 7.99663 1
0 0.0182609 0 0 0 0 0.0791269 0 0.902612 
0 2069.06 1
0 0.493171 0 0.0942028 0 0 0.412626 0 0 
9 0.737638 0
21 136.622 1
0 0.977773 0 0.00821052 0 0.00265978 0.0113569 0 0 
26 0.815524 0
25 271.585 1
0 0.0278535 0 0.00212196 0 0 0.907526 0 0.0624988 
53 0 1
0 1 0 0 0 0 0 0 0 
2 848.485 0
30 0.812051 0
12 3.21704 0
16 296.218 0
22 28.7874 1
0 0 0.664305 0.333413 0 0.00228187 0 0 0 
25 327.241 1
0 0 0.0992861 0.812042 0 0.0886717 0 0 0 
21 193.325 1
0 0 0 1 0 0 0 0 0 
43 0.975577 0
23 316.851 1
0 0 0.00426622 0.992876 0 0.0028576 0 0 0 
13 0.72761 0
2 786.607 1
0 0 0.246197 0.741588 0 0.0122154 0 0 0 
27 0 1
0 0 0.524651 0.241069 0 0.234281 0 0 0 
23 225.039 0
16 404.33 0
1 4057.81 0
12 1.41851 1
0 0 0.839906 0.158037 0 0.00205698 0 0 0 
19 39.4306 1
0 0 0.937077 0.00202147 0 0.0609011 0 0 0 
49 0.554809 0
37 0.872923 1
0 0 0.576311 0.423689 0 0 0 0 0 
6 0.950663 1
0 0 0.108636 0.891364 0 0 0 0 0 
25 263.298 0
21 201.871 0
12 0.938832 1
0 0 0.39204 0.60796 0 0 0 0 0 
4 0.212207 1
0 0 0.0244967 0.975503 0 0 0 0 0 
7 68.8079 0
18 75.2492 1
0 0 0.685174 0.314826 0 0 0 0 0 
7 72.18 1
0 0 0.919016 0.0809839 0 0 0 0 0 
31 0.724904 0
47 0.192826 0
25 257.849 0
46 0.320881 0
18 19.1364 0
30 0.316824 1
0 1 0 0 0 0 0 0 0 
43 0.0821418 1
0 0.40545 0 0 0 0 0.549021 0.0455284 0 
2 3880.09 0
13 0.531855 1
0 1 0 0 0 0 0 0 0 
0 80.2375 0
30 0.620184 1
0 0.298373 0 0 0 0 0 0.701627 0 
3 1594.7 1
0 0.00684688 0 0 0 0 0 0.993153 0 
3 1795.61 0
2 4498.93 0
21 150.84 0
52 0.42604 1
0.00216204 0.042432 0 0 0 0.955406 0 0 0 
10 43.7475 1
0 0.824232 0 0.104114 0 0 0 0.0716546 0 
37 0 1
0 0.00168125 0 0 0 0 0 0.998319 0 
3 1835.9 1
0 0.975365 0 0 0 0 0 0.0246346 0 
28 0.137039 0
0 1939.11 0
23 458.072 0
8 0.17962 1
0.999751 0.000249199 0 0 0 0 0 0 0 
16 14.9491 1
0.996639 0.00336083 0 0 0 0 0 0 0 
25 260.523 0
0 1946.53 1
0.98437 0.0156304 0 0 0 0 0 0 0 
18 13.0999 0
4 0.172187 1
0.345164 0.654836 0 0 0 0 0 0 0 
43 0.541887 1
0.940819 0.0591808 0 0 0 0 0 0 0 
43 0.477083 0
16 536.934 1
0.108963 0.891037 0 0 0 0 0 0 0 
12 1.99516 0
7 18.7378 1
0.125487 0 0.874513 0 0 0 0 0 0 
40 0 1
0.529197 0 0.470803 0 0 0 0 0 0 
7 12.5231 0
49 0.931493 0
52 0.0885345 0
43 0.25535 0
21 417.499 0
22 38.0747 1
0.0074929 0.171824 0 0 0.755542 0.0201303 0.00143257 0 0.0435774 
7 7.98686 1
0 0 0 0 0 0 0 0 1 
14 9.12336 0
0 779.062 1
0.0060055 0.12532 0 0.00142447 0.0145847 0.0186889 0.00985178 0 0.824125 
42 0.64623 1
0 0.800493 0 0 0 0.199507 0 0 0 
27 0.399897 0
14 57.1429 0
0 306.179 1
0 0.156369 0 0 0 0.753421 0 0 0.0902096 
40 0.917663 1
0 0 0 0 0 1 0 0 0 
6 185.189 0
16 507.097 1
0 0.0613406 0 0 0 0.21676 0 0 0.721899 
28 1 1
0 0.250271 0 0 0 0 0 0 0.749729 
1 1716.49 0
21 145.762 0
2 1601.28 0
9 1.46376 1
0 0.934295 0 0.00284051 0 0 0.0628648 0 0 
6 1.16395 1
0 0.39304 0 0.307813 0 0.299146 0 0 0 
19 125.028 0
26 0.383637 1
0 0.095188 0 0.00038348 0 0 0.823752 0 0.0806768 
3 1368.83 1
0 0.39777 0.0434597 0.19969 0 0 0.35908 0 0 
3 1533.58 1
0 0.0885142 0 0 0 0 0 0 0.911486 
1 2094.81 0
2 690.954 0
17 1.78687 0
26 0.976297 0
3 1674.74 1
0 0 0.0132561 0.986744 0 0 0 0 0 
7 74.1827 1
0 0 0.477396 0.506206 0 0.0163984 0 0 0 
22 27.1358 0
5 0.0362435 1
0 0 1 0 0 0 0 0 0 
25 274.061 1
0 0 0.202984 0.797016 0 0 0 0 0 
23 97.4388 0
12 1.53435 0
11 0.0378306 1
0 0 0 1 0 0 0 0 0 
16 286.694 1
0 0.000224429 0.722973 0.275948 0 0.000854074 0 0 0 
21 215.551 0
30 0.128703 1
0 0 0.645125 0.354875 0 0 0 0 0 
35 0.327507 1
0 0 0.101181 0.898819 0 0 0 0 0 
16 537.13 0
29 0.548259 0
22 4.00032 0
6 1.79674 1
0 0 0.907841 0.0921586 0 0 0 0 0 
42 0.955162 1
0 0.000402504 0.981039 0.0063045 0 0.012254 0 0 0 
18 106.605 1
0 0 0.770595 0 0 0.229405 0 0 0 
0 1002.2 1
0 0 0 1 0 0 0 0 0 
18 55.7571 0
47 0.298665 0
2 4423.42 0
27 0.895806 0
43 0.561581 0
3 1742.66 0
4 0.0579059 1
0.0449208 0.955079 0 0 0 0 0 0 0 
0 194.288 1
0 0.0114277 0 0 0 0 0 0.988572 0 
49 0.424511 1
0 0.97532 0 0 0 0 0 0.0246805 0 
16 330.905 0
1 2286.03 0
16 7.2592 1
0 0.466746 0 0.365537 0 0 0 0.167717 0 
39 0 1
0 0.998736 0 0 0 0 0 0.00126368 0 
3 1554.16 0
2 1747.13 1
0 0.285218 0 0 0 0.714782 0 0 0 
31 0 1
0 0.0163431 0 0 0 0 0 0.983657 0 
1 5059.39 0
3 1681.98 0
10 58.9061 1
0 0.882546 0 0 0 0 0 0.117454 0 
0 210.615 0
14 0.467622 1
0 0.00181858 0 0 0 0 0 0.998181 0 
15 854.054 1
0 0 0 0 0 0 0 1 0 
23 10.2114 1
0 1 0 0 0 0 0 0 0 
0 2103.6 0
12 2.91207 0
0 1936.27 0
23 479.21 0
38 0 1
0.999626 0.000373609 0 0 0 0 0 0 0 
17 1.26092 1
0.996495 0.00350487 0 0 0 0 0 0 0 
8 0.233788 0
16 130.464 1
0.955493 0.0445074 0 0 0 0 0 0 0 
17 1.1314 1
0.870564 0.129436 0 0 0 0 0 0 0 
42 0 1
0.0347182 0.965282 0 0 0 0 0 0 0 
31 0 1
0 1 0 0 0 0 0 0 0 
33 0.930097 0
45 0.191294 0
22 30.484 0
52 0.0324148 0
7 7.83771 0
42 0.570015 1
0.047438 0.685243 0 0 0.0210173 0.124484 0.018172 0 0.103645 
47 0.359008 1
0.00227047 0.154595 0 0.000969376 0 0.0155444 0.00067043 0 0.82595 
20 208.913 0
0 491.675 1
0 0.0816747 0 0 0 0.871664 0 0 0.0466609 
0 931.504 1
0 0.109902 0 0 0 0.349571 0 0 0.540527 
52 0.584845 0
8 15.8212 0
48 0.814058 1
0 0.0116079 0 0 0.988392 0 0 0 0 
36 0 1
0 1 0 0 0 0 0 0 0 
8 0.22 1
0 0 0 0 0 1 0 0 0 
36 0.80717 0
9 5.01723 0
2 1103.26 0
21 163.924 1
0 0.973137 0 0.00521654 0 0 0.0216469 0 0 
3 1470.64 1
0 0.641052 0 0.0271588 0 0.00754116 0.160999 0 0.163248 
21 153.526 0
9 11.103 1
0 0.573316 0 0 0 0 0.426684 0 0 
26 0.972376 1
0 0.0172926 0 0.00228765 0 0 0.970794 0 0.00962555 
42 0 1
0 0 0 0 0 0 0 0 1 
1 3084.74 0
2 1060.76 0
17 1.66523 0
45 0.155762 0
10 64.7962 1
0 0 1 0 0 0 0 0 0 
2 794.421 1
0 0 0.0617907 0.937582 0 0.000627101 0 0 0 
0 2245.96 0
22 28.5091 1
0 0 0.359351 0.640649 0 0 0 0 0 
18 60.1016 1
0 0 0.889632 0.110368 0 0 0 0 0 
23 175.923 0
16 409.334 0
24 7.59729 1
0 0 0.810416 0.187909 0 0.0016754 0 0 0 
4 0.274275 1
0 0 0.126706 0.873294 0 0 0 0 0 
18 58.8779 0
2 1150 1
0 0 1 0 0 0 0 0 0 
35 0.536509 1
0 0 0.0935938 0.906406 0 0 0 0 0 
18 143.079 0
10 41.4438 0
53 0 1
0 0 0.271792 0 0 0.728208 0 0 0 
23 566.84 0
20 264.471 1
0 0 0.987634 0.00140932 0 0.0109571 0 0 0 
18 61.6341 1
0 0 0.521113 0.478887 0 0 0 0 0 
9 0.219517 1
0 0 0.074056 0 0 0.925944 0 0 0 
18 12.0994 0
3 1053.76 0
28 0.824323 0
0 2113.63 0
0 1936.52 0
10 20.7152 1
0.998753 0.00124694 0 0 0 0 0 0 0 
16 3.36847 0
50 0 1
1 0 0 0 0 0 0 0 0 
0 1953.22 1
0.433202 0.566798 0 0 0 0 0 0 0 
17 1.03573 1
0 1 0 0 0 0 0 0 0 
18 11.9031 0
47 0.679536 1
0.0470827 0.952917 0 0 0 0 0 0 0 
6 107.395 1
0.709787 0.290213 0 0 0 0 0 0 0 
2 3897.09 0
27 0.556089 1
0 0.998187 0 0.00181298 0 0 0 0 0 
0 80.8967 0
12 1.47544 0
8 0.194218 1
0 1 0 0 0 0 0 0 0 
1 4842.4 1
0 0.0947809 0 0 0 0 0 0.905219 0 
3 1609.4 0
39 0 1
0 0.890869 0 0 0 0 0 0.109131 0 
1 4127.51 0
7 7.65858 1
0 0.638013 0 0 0 0 0 0.361987 0 
2 5093.08 1
0 0.000840137 0 0 0 0 0 0.99916 0 
7 20.819 0
1 4227.02 0
45 0.142396 0
14 12.0933 0
30 0.0315249 0
0 1706.8 1
0 0.875291 0 0.0110921 0 0.0215596 0.092057 0 0 
19 101.218 1
0 0.0613503 0 0.000760238 0 0.0022165 0 0.00802273 0.92765 
2 2332.35 0
8 0.0789981 1
0 0.972584 0 0 0 0.0274164 0 0 0 
8 0.191873 1
0 0.239734 0 0 0 0.760266 0 0 0 
21 146.287 0
4 0.195779 0
2 1296.03 1
0 0.88694 0 0.00620203 0 0.0030137 0.0386044 0 0.0652395 
28 0.318497 1
0 0.803709 0 0 0 0.0158474 0.180444 0 0 
9 294.311 0
26 0.697988 1
0 0.109823 0.000867422 0.00597849 0 0.000387344 0.866082 9.14355e-05 0.0167701 
33 0 1
0 0 0 0 0 0 0 0 1 
1 5812.14 0
1 5401.41 0
2 3271.63 0
0 710.277 1
0 0.0833445 0 0 0 0.814125 0.000558704 0 0.101971 
16 19.2562 1
0 0.449342 0 0 0 0 0 0.115161 0.435497 
2 1888.78 0
0 2244.93 1
0 0.0973141 0 0 0 0.902686 0 0 0 
7 7.81637 1
0 0.139724 0 0 0.0179548 0.0306765 0 0 0.811645 
18 41.5181 0
10 69.7629 1
0.991406 0.00859419 0 0 0 0 0 0 0 
22 10.8987 0
28 0.479131 1
0.0656721 0.667602 0 0 0.0169982 0.0107563 0.00612374 0 0.232848 
23 136.566 1
0.00160563 0.0295424 0 0 0.940978 0.000832778 0 0 0.0270415 
45 0.169282 0
18 170.95 0
2 935.426 0
18 102.043 1
0 0 0.893592 0 0 0.106408 0 0 0 
16 416.364 0
25 247.607 1
0.000174093 0.000284727 0.960895 0.0256435 0 0.0130025 0 0 0 
20 267.828 1
0 0 0.44938 0.55062 0 0 0 0 0 
0 2027.15 1
0 0 0.324266 0 0 0.675734 0 0 0 
25 250.395 0
9 12.4972 0
1 552.926 0
25 235.988 1
0 0 0.123122 0.876878 0 0 0 0 0 
34 0 1
0 0 0.033579 0.966421 0 0 0 0 0 
18 78.71 0
21 226.74 1
0 0 0 1 0 0 0 0 0 
43 0.134653 1
0 0 0.369231 0.630769 0 0 0 0 0 
1 1226.75 0
16 390.053 0
0 2321.82 1
0 0.000179551 0.668686 0.330451 0 0.00068329 0 0 0 
21 232.013 1
0 0 0.0810772 0.918923 0 0 0 0 0 
2 774.405 0
3 1637.54 1
0 0 0.0392405 0.96076 0 0 0 0 0 
0 1144.09 1
0 0 0.884243 0.104476 0 0.0112816 0 0 0 
18 48.4143 0
47 0.141798 0
2 4443.2 0
6 101.611 0
27 0.278308 0
46 0.876808 0
30 0.855412 1
0.00842067 0.991579 0 0 0 0 0 0 0 
0 153.736 1
0 0.0144635 0 0 0 0 0 0.985537 0 
2 3994.66 1
0 0.916654 0 0 0 0 0 0.0833458 0 
2 3233.9 0
52 0.616004 0
8 0.238009 1
0 0.758008 0 0.109934 0 0.106838 0 0.02522 0 
12 3.37763 1
0 0.0100056 0 0 0 0.989994 0 0 0 
2 4051.94 0
4 0.294606 1
0 0.999526 0 0 0 0 0 0.000474338 0 
0 748.502 1
0 0.147602 0 0 0 0 0 0.852398 0 
3 1662.34 0
3 1512.53 1
0 0.882546 0 0 0 0 0 0.117454 0 
3 1788.67 0
1 5015.33 0
14 0.477805 1
0 0.000187657 0 0 0 0 0 0.999812 0 
23 9.99552 1
0 1 0 0 0 0 0 0 0 
30 0.703441 1
0 0.369437 0 0 0 0 0 0.630563 0 
28 0.300746 0
0 1948.12 0
41 0.586818 0
53 0 1
1 0 0 0 0 0 0 0 0 
9 10.7359 0
28 0 1
0.941871 0.0581291 0 0 0 0 0 0 0 
24 7.15138 1
0.870564 0.129436 0 0 0 0 0 0 0 
10 84.0441 0
12 2.36605 1
0.918222 0.0817781 0 0 0 0 0 0 0 
11 0 1
0 1 0 0 0 0 0 0 0 
27 0.0657812 0
9 0.233714 1
0.0814008 0.918599 0 0 0 0 0 0 0 
33 0 1
0.944813 0.0551869 0 0 0 0 0 0 0 
33 0.847485 0
52 0.298042 0
2 1880.98 0
42 0.137553 0
3 1633.58 0
9 12.6956 1
0 0.498816 0 0.0109055 0 0 0.184369 0 0.305909 
49 0.971968 1
0 0.147757 0 0.00168934 0 0 0.850553 0 0 
1 2410.44 0
8 0.172976 1
0 0.315649 0 0 0 0.0276142 0.0589547 0 0.597782 
2 1632.99 1
0 0.274011 0 0 0 0.571377 0 0 0.154612 
1 7333.95 0
0 739.718 0
31 1 1
0 0.896311 0 0 0 0.0127751 0.0909136 0 0 
17 1.67649 1
0.0171133 0.111172 0 0.00152927 0.00260962 0.0148621 0.0162174 0 0.836496 
9 324.301 0
34 0.612807 1
0 0.107645 0 0 0.883917 0 0 0 0.00843773 
42 0 1
0 0 0 0 0 0 0 0 1 
16 546.701 0
14 102.254 0
0 658.758 0
33 0 1
0 1 0 0 0 0 0 0 0 
2 1693.23 1
0 0.140891 0 0 0 0.765204 0 0 0.0939057 
20 110.99 1
0 0 0 0 0 1 0 0 0 
12 2.9393 0
30 0.810697 0
16 687.447 1
0 1 0 0 0 0 0 0 0 
13 0.420408 1
0 0 0 0 0 0.281946 0 0 0.718054 
24 11.2171 1
0 0.0120745 0 0 0 0.987926 0 0 0 
25 244.955 0
22 23.3078 0
2 2691.05 0
30 0.0951181 1
0 0 0.0196863 0.980314 0 0 0 0 0 
15 1.98184 1
0 0 0.465396 0.534604 0 0 0 0 0 
2 803.324 0
13 0.850975 0
21 219.777 1
0 0 0.00782368 0.992176 0 0 0 0 0 
7 72.9743 1
0 0 0.420442 0.579558 0 0 0 0 0 
22 28.5047 1
0 0 0.947544 0.0524556 0 0 0 0 0 
1 1698.14 0
21 217.8 0
18 69.0312 0
18 56.5035 1
0 0 0.981591 0.0184092 0 0 0 0 0 
23 120.994 1
0 0 0.660308 0.339692 0 0 0 0 0 
2 760.457 0
0 886.688 1
0 0 0.0446713 0.953515 0 0.00181344 0 0 0 
16 250.271 1
0 0 0.490946 0.509054 0 0 0 0 0 
14 133.232 0
25 316.348 0
14 29.2681 1
0 0 0.962528 0.0347693 0 0.00270322 0 0 0 
2 1051.6 1
0 0 0.949872 0 0 0.0501283 0 0 0 
16 115.69 0
11 0.00121529 1
0 0 0.804136 0 0 0.195864 0 0 0 
32 0.126616 1
0 0 0.0716854 0 0 0.928315 0 0 0 
